9.105390555875805259e-01
9.057449952292544459e-01
9.004391617877112175e-01
8.944834091566272738e-01
8.876366386470451175e-01
8.794469121397008315e-01
8.690508053041321457e-01
8.547961715421231732e-01
8.336364963081074331e-01
8.002942798026051463e-01
7.465366971311085953e-01
6.617514056467717065e-01
5.373520482941729348e-01
3.774011645472432619e-01
2.104710827602240542e-01
8.260373014141786374e-02
1.942037170313282504e-02
2.233727760823751678e-03
9.903390955832192834e-05
1.303887065198882388e-06
3.924848930895252342e-09
2.138599000731711958e-12
1.775519087422295449e-16
2.081029724036132520e-21
3.635416644144280035e-27
1.177086925421764342e-33
1.066420584368966082e-40
5.070302678229551779e-48
2.966400414385692458e-55
6.107708787992157976e-62
1.438764619497189436e-67
1.266397232342463545e-71
1.155215499499486507e-73
2.139669921238559933e-73
9.515614333408020281e-71
6.658870714479584357e-66
2.705689834697948403e-59
1.492334954579786334e-51
1.998213738743851056e-43
1.092565024164572616e-35
4.569432697452280369e-29
3.349739475285649462e-24
1.222748921097188420e-21
7.523875484001166938e-22
3.020853385695968189e-25
3.546322593656646520e-32
7.014033661874860963e-43
2.121677029923619834e-57
1.828192077473831364e-75
2.201733083587456052e-96
5.503994923419039483e-119
1.206767617433983397e-141
2.038541501718882206e-162
2.793046543976105639e-179
1.945763006430908519e-190
1.277678668923491995e-194
2.545706288089392619e-191
6.860192604580214289e-181
1.781115947821021163e-164
8.197733799119856052e-144
6.384973452061556955e-121
8.792171495670999582e-98
4.598939564221947720e-76
6.022832881042133744e-57
4.538689866517291349e-41
1.410280070326081431e-28
3.077908793968461951e-19
1.368391536068149822e-12
4.474226709917626906e-08
3.804684691216243765e-05
2.514089496149011799e-03
3.058089552387126611e-02
1.283188442742804192e-01
2.846574009408651684e-01
4.385142139901146985e-01
5.529778208412493568e-01
6.271114883431998521e-01
6.731851189599110663e-01
7.025207348840889487e-01
7.223151519303112611e-01
7.364941193265875929e-01
7.470492764880360959e-01
7.549631030800201259e-01
7.607181512210526853e-01
7.645517042047744738e-01
7.665603943661820630e-01
7.667473377939966195e-01
7.650020798947603229e-01
7.610506827959735432e-01
7.542906571014048600e-01
7.434551463730990628e-01
7.259440088654922629e-01
6.966702585725256247e-01
6.465706246389332224e-01
5.622827127269373060e-01
4.318649888285426841e-01
2.635810177030939450e-01
1.068821688171250756e-01
2.161778344489477185e-02
1.416062771644852015e-03
1.635525638898755371e-05
1.507205528874840839e-08
4.312999315496547604e-13
1.413674560248036966e-19
2.202822825132054192e-28
9.667994300069696420e-40
1.322794092244095882e-53
1.478391381144025179e-69
9.484092705390121810e-87
6.190336249001399626e-104
1.381298341042933607e-119
4.113118515523474797e-132
4.042035711131208442e-140
1.142644339372871195e-142
1.878259974352271510e-139
7.324584893812080477e-131
6.671748516604707108e-118
5.273681665050375344e-102
9.206549648710461162e-85
1.124002318772932799e-67
6.024290530092470457e-52
2.279769905374235699e-38
2.599917948124038620e-27
8.782554592739020769e-19
1.559671267239737114e-12
3.575516231273277992e-08
2.856546457936826692e-05
2.007737341411616316e-03
2.681809037332993223e-02
1.223305773084597675e-01
2.882145681847861352e-01
4.609798417753141475e-01
5.932950726317844925e-01
6.790814606810525733e-01
7.309772088750998709e-01
7.623257249500433597e-01
7.820117067065535110e-01
7.949091835292704245e-01
8.032979293076549787e-01
8.078226855321285482e-01
8.077959643938087408e-01
8.008832455150604046e-01
7.822203498947951639e-01
7.432336928822163014e-01
6.713624871178651699e-01
5.539670890724133212e-01
3.910742268283773360e-01
2.134250156639741214e-01
7.769372899678549105e-02
1.544067250334661516e-02
1.302370977763145365e-03
3.495075265347417508e-05
2.230210489396730311e-07
2.657080231733003955e-10
5.217673539286016424e-14
1.800038566290861647e-18
1.488460139259481658e-23
5.286386747346027896e-29
1.854974533470147561e-34
1.756121849165112844e-39
1.280885633382373588e-43
1.841994005257927023e-46
1.029905389174814279e-47
3.034570273641563967e-47
4.168435204641299673e-45
1.577157391461230025e-41
7.106527867006821813e-37
1.385852325445436187e-31
4.169226878836710977e-26
7.770696996069218798e-21
4.478737948638043731e-16
5.184366857540954745e-12
1.013217583974065089e-08
3.481163828097031741e-06
2.540231644168007346e-04
5.151310477765330860e-03
3.878525236092036227e-02
1.418417369435097664e-01
3.153195032442647205e-01
5.061679634612055168e-01
6.635207944884593534e-01
7.712558986677175987e-01
8.373257397514410894e-01
8.758206167165064615e-01
8.982537572580945318e-01
9.119590265740922241e-01
9.210512295661247295e-01
9.276750897568222243e-01
9.329040549882260391e-01
9.372700602456752739e-01
9.410438563463977557e-01
9.443731287644266947e-01
9.473466624576232231e-01
9.500249909107372215e-01
9.524525900774779563e-01
9.546635141411279335e-01
9.566863356287498288e-01
9.585442201950304941e-01
9.602566422727760731e-01
9.618401068517390406e-01
